%YAML:1.0
# camera intrinsics
camera_matrix: !!opencv-matrix
   rows: 3
   cols: 3
   dt: d
   data: [ 1.1281793028348968e+03, 0., 6.3950000000000000e+02, 0.,
       1.1281793028348968e+03, 4.795e+02, 0., 0., 1. ]
distortion_coefficients: !!opencv-matrix
   rows: 1
   cols: 5
   dt: d
   data: [ 9.5315465748328859e-02, -2.0942788187566291e-01, 0., 0.,
       1.5850212851308468e-01 ]
image_width: 1280
image_height: 1024
